Output of layer 1 with shape (1, 1, 65):
[[[-1.0639898  -1.7791554  -1.5377994   1.178087    0.88908607
    1.4302596  -0.09456241 -1.3702348   0.94866663  0.8880442
    0.04787868 -1.3622401   0.92742926  0.02929368 -0.414131
   -0.5725317  -0.37936532 -0.36237574  2.7949917   0.84459275
    0.83743364 -1.25791    -1.13238     0.22645721  0.94759095
   -0.01424456 -0.5475329   0.55086654  0.6256481   0.8988712
    0.06641666  0.3191699  -0.32575372  0.24515738  0.01537558
    2.19921    -0.06559788 -0.5258417   1.3164684  -0.90726674
   -2.4050865  -0.9415812   0.10992685  1.83922    -0.67298913
   -0.84618574 -0.7496345   0.8917382  -1.7064115   0.36367565
    1.0912178   2.7600718   0.3993242   0.26054472  1.0983223
    0.07624108 -0.09217595 -0.20414838 -0.66588014 -0.8128224
   -0.5372775   1.5903056  -0.08755788  1.2865238  -0.4621016 ]]]
Output of layer 2 with shape (1, 80):
[[0.         5.9026327  0.         0.         2.1649253  1.1403524
  5.087867   2.8171442  0.         0.         0.         0.8850451
  4.465015   2.1972268  0.         0.         0.         1.8522981
  5.924935   1.5219901  2.9113274  1.3514888  0.         2.282384
  0.         2.345729   5.2362924  1.5322807  0.9337682  0.7157531
  0.         0.         2.0782642  4.3838663  3.1687255  4.012315
  3.412329   2.3425422  8.349002   0.         0.         0.
  5.317862   0.         0.         0.         0.         3.7547414
  0.         2.389508   0.62999856 0.         2.4701028  1.0358462
  0.         0.         0.         2.0007925  0.         0.
  0.         0.         0.         0.         1.8266102  0.21767412
  2.7523234  0.27937165 2.7167742  0.         0.07505587 0.
  4.625872   1.7601225  0.         0.         0.02514329 0.
  1.3459139  7.5597215 ]]
Output of layer 3 with shape (1, 80):
[[ 4.997584    0.         11.370953    0.          0.10915819  7.49697
  10.577184    1.7590905   9.291526    0.          0.          9.907757
  10.6371155  20.825573    0.          4.857537    9.265935    0.
   1.9611129   0.          4.5802774   7.1507034   3.4981794  12.402718
   7.8063416   6.0059595   3.292687    0.          5.5622835   0.
   3.8714342   0.3040858   3.6859734   0.          0.          2.1019258
   2.78707     2.356501    0.610274    2.5513241   0.          4.8793674
   0.          5.4775925   3.0118153   4.953823    0.          0.
   6.4388742  11.657895    0.          0.         11.149389    0.
   0.          3.0519297   7.101728    0.          2.0228665   5.1042423
   5.732173    6.2172313   0.          5.97325     0.         17.568504
   5.0292     11.688469    3.553222    1.2619144  10.306874    7.449795
   9.888316    3.8912432   0.          0.          0.649424    1.3426514
   4.7490973   0.        ]]
Output of layer 4 with shape (1, 80):
[[ 0.        28.781294  10.737911  18.415615   0.         0.
   0.        26.930151   0.         5.5190682 29.38723   28.488539
   3.7949722 15.541997  25.818752   0.         9.7123375  0.8026418
  31.838623  12.839049   5.031077  24.249924  10.529769   9.084857
  29.846457  15.580816  11.4608345  0.         0.         9.428634
   6.8282437  0.        33.093422   8.687058  13.898682  13.405517
   2.2707312  4.3568115 13.723743   0.         4.0608883 26.450472
   0.        24.973423   0.         6.3558097  4.7986917  0.
   9.341297  17.528929   0.         0.         4.371556  18.871185
  12.252368  26.821396  26.531178  10.367299  22.886003  15.02042
  14.320404   0.        29.856056   0.        13.887475  13.125901
  24.694016   0.         0.        22.881601  17.70189    8.339527
   0.         0.        12.453529  24.995182   0.         6.854913
   0.        14.287626 ]]
Output of layer 5 with shape (1, 60):
[[2.1932899e-33 3.0151401e-28 8.3295351e-16 3.8130969e-19 1.5384042e-27
  1.8689530e-21 1.8377488e-34 5.2115149e-24 1.6252494e-36 1.1847527e-20
  5.5753259e-20 2.0636665e-36 1.0000000e+00 3.3355795e-05 6.9312977e-14
  1.0000000e+00 1.1720739e-05 4.2991513e-08 9.9540269e-01 4.0015271e-07
  0.0000000e+00 1.8537769e-16 3.3687949e-03 0.0000000e+00 3.0614283e-05
  1.1130434e-14 5.4923959e-09 4.0568709e-03 1.0477190e-23 2.5468632e-33
  5.0949982e-12 7.3510398e-24 0.0000000e+00 1.2968630e-02 1.2620581e-27
  0.0000000e+00 6.1278196e-31 9.7230506e-01 4.5381932e-12 2.0352985e-25
  4.7375214e-25 0.0000000e+00 4.2088300e-02 4.1531548e-26 1.5876078e-27
  6.6363148e-12 0.0000000e+00 9.4032442e-22 1.2321371e-18 8.9417845e-05
  1.0000000e+00 4.1913121e-15 6.5735905e-23 2.0623345e-23 4.5502275e-02
  6.3631266e-25 1.1790564e-12 9.9988484e-01 3.2203426e-21 6.4893017e-12]]
Output of layer 6 with shape (1, 75):
[[ 2.6991096  -2.3789263   1.4568025   1.7843659  -1.8154734   0.524653
   0.35007164  0.3266696   2.0349953   4.1774716   4.504474   -1.6324136
  -1.1394162   3.0935588   2.7390113  -7.7819896   0.4750579  -2.5704303
  -0.29705983  0.31029034  0.58522487 -0.6114035  -1.6324136   0.5698881
  -0.77292776 -3.1567407   0.3266696  -1.9425336  -0.21197128  2.158011
  -4.014268   -0.5757055  -2.2656267  -1.6014926  -0.1795595   0.8918912
   2.9309282  -1.1394162  -1.9425336   1.830704   -1.0812384   2.0349953
   0.5698881   2.1193767   0.5609214  -0.3782084   1.6145704  -0.7128367
  -2.9304378   2.5525973  -2.0104373  -0.7629999   3.0935588  -0.21197128
   2.1193767  -0.76618886  4.1774716  -0.77292776  1.830704   -3.2382057
  -4.0892396  -0.16836877 -0.3592741  -0.01129663  0.7414259  -0.6206437
  -1.128204    2.7390113   2.158011    0.5609214  -3.2382057   4.504474
  -3.1567407  -1.0812384  -0.76618886]]
