Final output of the model:
[[-11.509854    -1.0486897   -0.9918717   -1.3041742   -1.3411832
   -0.9660028   -1.4492238    1.4363358    3.5674777    2.3457918
    3.0286894    3.4632244    2.100204     2.3822727    2.5486658
  -14.102433    -1.6185873   -0.9429908   -1.2591925   -1.3120584
   -1.3544213   -0.20438315   3.4632244    3.378753     1.9974399
    1.5833024    1.4363358    2.2995882    1.5900952    1.8493248
  -11.953075    -0.7629199   -0.8957226   -1.588938    -0.8068197
   -0.46289372  -1.4338074    2.100204     2.2995882    2.5723014
    2.6520386    3.5674777    3.378753     2.4596817    2.902853
  -14.051918    -1.7117821   -0.8272611   -0.8701063   -1.1750491
   -0.52135     -1.382837     2.3822727    1.5900952    2.4596817
    2.5733962    2.3457918    1.9974399    2.5723014    2.0577254
  -13.434937    -0.7916713   -1.332606    -1.3133295   -1.5618219
   -0.5929986   -0.70141363   2.5486658    1.8493248    2.902853
    2.0577254    3.0286894    1.5833024    2.6520386    2.5733962 ]]
