Input size:65
Output size:75
test input_vec: [0.585071, 0.15214, 0.328816, 0.536435, 0.195482, 0.805606, 0.905735, 0.631148, 0.243084, 0.899536, 0.582731, 0.0861366, 0.441647, 0.977713, 0.673026, 0.383271, 0.471511, 0.968598, 0.470616, 0.920777, 0.649989, 0.572344, 0.436399, 0.472375, 0.739714, 0.0606593, 0.338415, 0.918022, 0.143724, 0.0823575, 0.515792, 0.954889, 0.680562, 0.154924, 0.0835059, 0.37993, 0.651896, 0.677225, 0.634049, 0.379388, 0.756582, 0.791513, 0.424615, 0.14346, 0.92027, 0.582003, 0.340881, 0.402646, 0.593046, 0.748895, 0.726646, 0.180469, 0.633942, 0.0836871, 0.985105, 0.577453, 0.707984, 0.864893, 0.270967, 0.347501, 0.696931, 0.246346, 0.735877, 0.322031, 0.458498]
test output_vec: [-11.5099, -1.04869, -0.991872, -1.30417, -1.34118, -0.966003, -1.44922, 1.43634, 3.56748, 2.34579, 3.02869, 3.46322, 2.1002, 2.38227, 2.54867, -14.1024, -1.61859, -0.942991, -1.25919, -1.31206, -1.35442, -0.204383, 3.46322, 3.37875, 1.99744, 1.5833, 1.43634, 2.29959, 1.5901, 1.84932, -11.9531, -0.76292, -0.895723, -1.58894, -0.80682, -0.462894, -1.43381, 2.1002, 2.29959, 2.5723, 2.65204, 3.56748, 3.37875, 2.45968, 2.90285, -14.0519, -1.71178, -0.827261, -0.870106, -1.17505, -0.52135, -1.38284, 2.38227, 1.5901, 2.45968, 2.5734, 2.34579, 1.99744, 2.5723, 2.05773, -13.4349, -0.791671, -1.33261, -1.31333, -1.56182, -0.592999, -0.701414, 2.54867, 1.84932, 2.90285, 2.05773, 3.02869, 1.5833, 2.65204, 2.5734]
rnn input: [0.585071, 0.15214, 0.328816, 0.536435, 0.195482, 0.805606, 0.905735, 0.631148, 0.243084, 0.899536, 0.582731, 0.0861366, 0.441647, 0.977713, 0.673026, 0.383271, 0.471511, 0.968598, 0.470616, 0.920777, 0.649989, 0.572344, 0.436399, 0.472375, 0.739714, 0.0606593, 0.338415, 0.918022, 0.143724, 0.0823575, 0.515792, 0.954889, 0.680562, 0.154924, 0.0835059, 0.37993, 0.651896, 0.677225, 0.634049, 0.379388, 0.756582, 0.791513, 0.424615, 0.14346, 0.92027, 0.582003, 0.340881, 0.402646, 0.593046, 0.748895, 0.726646, 0.180469, 0.633942, 0.0836871, 0.985105, 0.577453, 0.707984, 0.864893, 0.270967, 0.347501, 0.696931, 0.246346, 0.735877, 0.322031, 0.458498]
rnn output: [0.556319, 0, 1.19443, 2.03291, 2.08225, 2.04062, 1.2858, 1.6892, 1.44375, 0, 0, 0.834008, 0, 0, 0, 2.50325, 0.693442, 2.26418, 0, 2.38522, 0.86565, 1.89985, 2.65575, 2.76159, 1.91803, 0.341647, 0, 0, 0, 1.07726, 1.62803, 0.551705, 2.0603, 0, 0.518338, 0, 0, 0.691867, 0, 0, 1.68839, 1.60459, 0, 0.313377, 1.77602, 0, 1.66232, 0, 0, 0.930652, 1.4846, 0, 0, 0, 2.77, 0, 1.75674, 0, 0.961112, 0, 1.70294, 0.464389, 2.43101, 0.532855, 0, 3.62561, 0, 0, 0, 0.649585, 0.0950049, 0.3808, 1.51884, 0, 2.37388, 1.37789, 1.10465, 1.46982, 0.910314, 2.37051]
dense input: [0.556319, 0, 1.19443, 2.03291, 2.08225, 2.04062, 1.2858, 1.6892, 1.44375, 0, 0, 0.834008, 0, 0, 0, 2.50325, 0.693442, 2.26418, 0, 2.38522, 0.86565, 1.89985, 2.65575, 2.76159, 1.91803, 0.341647, 0, 0, 0, 1.07726, 1.62803, 0.551705, 2.0603, 0, 0.518338, 0, 0, 0.691867, 0, 0, 1.68839, 1.60459, 0, 0.313377, 1.77602, 0, 1.66232, 0, 0, 0.930652, 1.4846, 0, 0, 0, 2.77, 0, 1.75674, 0, 0.961112, 0, 1.70294, 0.464389, 2.43101, 0.532855, 0, 3.62561, 0, 0, 0, 0.649585, 0.0950049, 0.3808, 1.51884, 0, 2.37388, 1.37789, 1.10465, 1.46982, 0.910314, 2.37051]
dense output: [0.893593, 0, 8.54527, 3.67468, 7.1019, 4.77882, 2.84079, 0.255949, 3.83398, 0, 0, 2.16057, 4.88317, 2.74551, 0, 2.11537, 7.19581, 0, 4.20529, 1.0807, 3.51181, 3.63732, 3.7672, 6.00789, 3.27699, 2.29083, 3.35506, 5.03844, 4.0892, 0, 5.17769, 4.33644, 2.40293, 1.79043, 5.58446, 5.99676, 3.22394, 3.15102, 2.91946, 2.17608, 6.42128, 8.47442, 5.48519, 5.62635, 2.62398, 1.80737, 0, 3.85345, 3.40454, 3.6073, 1.62911, 2.12468, 5.40681, 5.3161, 0, 6.08711, 2.17636, 0.999354, 2.86264, 0.639507, 3.596, 3.96921, 3.7525, 3.51469, 2.40539, 4.4794, 3.30189, 4.38665, 2.31376, 5.76613, 4.54219, 3.20928, 2.18533, 1.46765, 5.99089, 3.95321, 4.38632, 0, 3.52066, 3.13601]
dense input: [0.893593, 0, 8.54527, 3.67468, 7.1019, 4.77882, 2.84079, 0.255949, 3.83398, 0, 0, 2.16057, 4.88317, 2.74551, 0, 2.11537, 7.19581, 0, 4.20529, 1.0807, 3.51181, 3.63732, 3.7672, 6.00789, 3.27699, 2.29083, 3.35506, 5.03844, 4.0892, 0, 5.17769, 4.33644, 2.40293, 1.79043, 5.58446, 5.99676, 3.22394, 3.15102, 2.91946, 2.17608, 6.42128, 8.47442, 5.48519, 5.62635, 2.62398, 1.80737, 0, 3.85345, 3.40454, 3.6073, 1.62911, 2.12468, 5.40681, 5.3161, 0, 6.08711, 2.17636, 0.999354, 2.86264, 0.639507, 3.596, 3.96921, 3.7525, 3.51469, 2.40539, 4.4794, 3.30189, 4.38665, 2.31376, 5.76613, 4.54219, 3.20928, 2.18533, 1.46765, 5.99089, 3.95321, 4.38632, 0, 3.52066, 3.13601]
dense output: [7.01727, 13.9221, 8.59509, 10.0945, 8.71864, 2.85836, 14.1803, 24.2929, 1.61767, 17.4614, 19.8607, 11.8251, 9.05842, 21.3054, 29.4711, 0, 10.2535, 8.61933, 13.0245, 8.23762, 1.96804, 0.972676, 11.1126, 9.82933, 13.8962, 7.27062, 4.58798, 8.01599, 0, 8.69438, 14.1006, 0, 6.97781, 11.1061, 4.63643, 18.4095, 11.3586, 11.2427, 23.196, 4.46102, 0, 7.89385, 7.80615, 12.3561, 0, 12.3474, 18.543, 9.31066, 14.4094, 10.861, 0, 12.6035, 11.2003, 12.1957, 23.2921, 23.4171, 13.508, 17.0374, 8.61093, 14.5708, 11.6006, 5.30912, 14.7181, 15.1027, 4.47185, 2.8505, 11.1076, 0, 0, 8.25071, 8.79831, 27.6801, 14.3834, 17.3332, 10.8772, 22.6177, 0, 8.93878, 14.946, 18.4999]
dense input: [7.01727, 13.9221, 8.59509, 10.0945, 8.71864, 2.85836, 14.1803, 24.2929, 1.61767, 17.4614, 19.8607, 11.8251, 9.05842, 21.3054, 29.4711, 0, 10.2535, 8.61933, 13.0245, 8.23762, 1.96804, 0.972676, 11.1126, 9.82933, 13.8962, 7.27062, 4.58798, 8.01599, 0, 8.69438, 14.1006, 0, 6.97781, 11.1061, 4.63643, 18.4095, 11.3586, 11.2427, 23.196, 4.46102, 0, 7.89385, 7.80615, 12.3561, 0, 12.3474, 18.543, 9.31066, 14.4094, 10.861, 0, 12.6035, 11.2003, 12.1957, 23.2921, 23.4171, 13.508, 17.0374, 8.61093, 14.5708, 11.6006, 5.30912, 14.7181, 15.1027, 4.47185, 2.8505, 11.1076, 0, 0, 8.25071, 8.79831, 27.6801, 14.3834, 17.3332, 10.8772, 22.6177, 0, 8.93878, 14.946, 18.4999]
dense output: [5.83931e-13, 2.01487e-11, 3.22172e-25, 5.65507e-07, 4.56708e-09, 1.4724e-26, 1.47459e-11, 2.72479e-08, 3.72952e-23, 6.28118e-31, 5.13756e-28, 2.54053e-20, 8.99801e-27, 7.52973e-17, 1.52236e-36, 3.07838e-23, 3.30675e-12, 5.05525e-21, 6.18677e-14, 3.21364e-12, 1.37263e-20, 1.66279e-23, 4.21144e-17, 1.93692e-17, 2.14241e-21, 6.38193e-10, 0, 3.3518e-19, 6.9676e-12, 6.28533e-32, 1.41137e-12, 3.18396e-16, 1.21137e-21, 4.04505e-35, 8.00211e-27, 8.29096e-22, 9.89643e-18, 1.02597e-23, 8.84116e-34, 1.82058e-20, 1.02982e-17, 2.8324e-37, 2.87841e-19, 3.41349e-18, 1.44931e-24, 3.20508e-33, 1.06842e-36, 2.32429e-24, 1.97681e-12, 1.76215e-23, 5.06912e-18, 4.14871e-11, 3.49265e-09, 5.80382e-10, 9.35821e-25, 1.50535e-06, 0.00681666, 2.08174e-19, 4.22189e-09, 7.81016e-05]
input_probs: [0.585071, 0.15214, 0.328816, 0.536435, 0.195482, 0.805606, 0.905735, 0.631148, 0.243084, 0.899536, 0.582731, 0.0861366, 0.441647, 0.977713, 0.673026, 0.383271, 0.471511, 0.968598, 0.470616, 0.920777, 0.649989, 0.572344, 0.436399, 0.472375, 0.739714, 0.0606593, 0.338415, 0.918022, 0.143724, 0.0823575, 0.515792, 0.954889, 0.680562, 0.154924, 0.0835059, 0.37993, 0.651896, 0.677225, 0.634049, 0.379388, 0.756582, 0.791513, 0.424615, 0.14346, 0.92027, 0.582003, 0.340881, 0.402646, 0.593046, 0.748895, 0.726646, 0.180469, 0.633942, 0.0836871, 0.985105, 0.577453, 0.707984, 0.864893, 0.270967, 0.347501, 0.696931, 0.246346, 0.735877, 0.322031, 0.458498]
win_probs: [5.83931e-13, 2.01487e-11, 3.22172e-25, 5.65507e-07, 4.56708e-09, 1.4724e-26, 1.47459e-11, 2.72479e-08, 3.72952e-23, 6.28118e-31, 5.13756e-28, 2.54053e-20, 8.99801e-27, 7.52973e-17, 1.52236e-36, 3.07838e-23, 3.30675e-12, 5.05525e-21, 6.18677e-14, 3.21364e-12, 1.37263e-20, 1.66279e-23, 4.21144e-17, 1.93692e-17, 2.14241e-21, 6.38193e-10, 0, 3.3518e-19, 6.9676e-12, 6.28533e-32, 1.41137e-12, 3.18396e-16, 1.21137e-21, 4.04505e-35, 8.00211e-27, 8.29096e-22, 9.89643e-18, 1.02597e-23, 8.84116e-34, 1.82058e-20, 1.02982e-17, 2.8324e-37, 2.87841e-19, 3.41349e-18, 1.44931e-24, 3.20508e-33, 1.06842e-36, 2.32429e-24, 1.97681e-12, 1.76215e-23, 5.06912e-18, 4.14871e-11, 3.49265e-09, 5.80382e-10, 9.35821e-25, 1.50535e-06, 0.00681666, 2.08174e-19, 4.22189e-09, 7.81016e-05]
result: [-11.5099, -1.04869, -0.991872, -1.30417, -1.34118, -0.966003, -1.44922, 1.43634, 3.56748, 2.34579, 3.02869, 3.46322, 2.1002, 2.38227, 2.54867, -14.1024, -1.61859, -0.942991, -1.25919, -1.31206, -1.35442, -0.204383, 3.46322, 3.37875, 1.99744, 1.5833, 1.43634, 2.29959, 1.5901, 1.84932, -11.9531, -0.76292, -0.895723, -1.58894, -0.80682, -0.462894, -1.43381, 2.1002, 2.29959, 2.5723, 2.65204, 3.56748, 3.37875, 2.45968, 2.90285, -14.0519, -1.71178, -0.827261, -0.870106, -1.17505, -0.52135, -1.38284, 2.38227, 1.5901, 2.45968, 2.5734, 2.34579, 1.99744, 2.5723, 2.05773, -13.4349, -0.791671, -1.33261, -1.31333, -1.56182, -0.592999, -0.701414, 2.54867, 1.84932, 2.90285, 2.05773, 3.02869, 1.5833, 2.65204, 2.5734]
