no_tests: False
shape: [(None, 1, 65)]
data_in:
[array([[[0.5850713 , 0.1521401 , 0.32881644, 0.536435  , 0.19548236,
         0.80560553, 0.9057351 , 0.63114804, 0.24308443, 0.8995358 ,
         0.58273137, 0.08613664, 0.44164747, 0.9777127 , 0.6730262 ,
         0.3832715 , 0.47151107, 0.96859837, 0.470616  , 0.92077744,
         0.64998895, 0.5723444 , 0.43639943, 0.4723748 , 0.7397141 ,
         0.06065928, 0.3384151 , 0.9180218 , 0.14372388, 0.08235753,
         0.51579237, 0.9548887 , 0.6805624 , 0.15492418, 0.08350591,
         0.3799303 , 0.6518955 , 0.6772254 , 0.63404936, 0.37938783,
         0.756582  , 0.79151255, 0.42461476, 0.1434602 , 0.92026955,
         0.58200324, 0.34088093, 0.40264636, 0.59304583, 0.74889493,
         0.72664607, 0.18046911, 0.63394207, 0.08368706, 0.98510534,
         0.5774527 , 0.7079842 , 0.86489314, 0.27096736, 0.34750062,
         0.696931  , 0.24634585, 0.73587674, 0.32203126, 0.4584979 ]]],
      dtype=float32)]
Forward pass took 1.419509 s.
Forward pass took 0.049106 s.
Forward pass took 0.046644 s.
Starting performance measurements.
Forward pass took 0.046449 s.
Forward pass took 0.047069 s.
Forward pass took 0.050667 s.
Forward pass took 0.082127 s.
Forward pass took 0.080279 s.
[[-11.509854    -1.0486897   -0.9918717   -1.3041742   -1.3411832
   -0.9660028   -1.4492238    1.4363357    3.5674777    2.3457918
    3.0286894    3.4632244    2.100204     2.3822727    2.5486658
  -14.102433    -1.6185873   -0.9429908   -1.2591925   -1.3120584
   -1.3544213   -0.20438315   3.4632244    3.378753     1.9974399
    1.5833024    1.4363357    2.2995882    1.5900952    1.8493248
  -11.953075    -0.7629199   -0.8957226   -1.588938    -0.8068197
   -0.46289372  -1.4338074    2.100204     2.2995882    2.5723014
    2.6520386    3.5674777    3.378753     2.4596817    2.902853
  -14.051918    -1.7117821   -0.8272611   -0.8701063   -1.1750491
   -0.52135     -1.382837     2.3822727    1.5900952    2.4596817
    2.5733962    2.3457918    1.9974399    2.5723014    2.0577254
  -13.434937    -0.7916713   -1.332606    -1.3133295   -1.5618219
   -0.5929986   -0.70141363   2.5486658    1.8493248    2.902853
    2.0577254    3.0286894    1.5833024    2.6520386    2.5733962 ]]
Forward pass took 0.0613182 s on average.
